Real,Pred_Tune
74.18,61.688816880925486
66.00614929199219,65.65367757263184
68.30000305175781,66.65066699345907
61.099998474121094,59.109930140558866
63.79999923706055,60.197755683135995
55.59862518310547,55.91239721794123
57.9000015258789,57.71698734054566
68.0,68.00405804634096
72.19999694824219,72.35266374588012
65.63993835449219,66.81469606285096
58.5,55.49799753506978
67.08278656005861,70.08555295829775
67.09999847412111,66.36849937744141
64.30000305175781,64.07703213361106
73.0,72.01454417114257
66.09999847412111,66.31094579073589
53.88945388793945,53.996094980621336
66.75021870930989,65.68379329643248
64.80000305175781,65.09101232236226
66.09999847412111,67.0774378490448
73.70222473144531,73.12439424667359
69.0,67.85666469573975
67.80000305175781,66.352189255778
64.30000305175781,64.55701519432068
63.88555526733398,63.88917483965556
66.80746459960939,66.99163435935975
62.29999923706055,63.203364635976165
62.29999923706055,66.22856480992635
71.10298919677734,71.55694078267416
54.31246566772461,56.419246661376995
68.59999847412111,67.09308637936913
55.9000015258789,56.80250567080183
58.28437805175781,60.29478900807699
63.88555526733398,63.87016263389586
58.0,55.68430102551779
65.80000305175781,66.73077296257019
53.29999923706055,51.62400404930115
67.30000305175781,72.83014955673218
55.29999923706055,54.68170509897868
73.69999694824219,72.45967117627461
61.52996826171875,62.15213748321533
52.9000015258789,55.61481243667602
72.19999694824219,69.58374008814494
73.9000015258789,73.5382384109497
70.0,70.49381883621214
69.59999847412111,67.02047565778098
68.5,66.93022046801251
70.04793548583984,70.26023862838736
54.20000076293945,54.20293488299051
73.0999984741211,69.9584741560618
75.0,72.00091724586485
45.20000076293945,46.283130490493775
62.5,64.88757225354513
73.80000305175781,73.12926684061684
61.7801513671875,61.30672071838382
73.5999984741211,72.02909698130289
56.50601196289063,57.27939379653931
67.30000305175781,66.68846477508549
72.0,72.40908241271973
73.70222473144531,72.80577132225035
52.79999923706055,51.43687961006165
72.60076904296875,73.30857820663452
55.01201629638672,56.14872800165812
66.90000152587889,67.54702320734661
45.20000076293945,47.76188098602295
69.90061950683594,68.9455538368225
66.80000305175781,66.71941338539125
66.40000152587889,66.87667244911194
68.0,67.49084074338278
73.60453796386719,73.33127185821533
75.0999984741211,72.44127981821694
66.90000152587889,68.22055970865887
67.09999847412111,67.6283371671041
72.40250396728516,72.62002262115479
76.7717056274414,74.5673010269165
67.90000152587889,69.11262959798177
72.19999694824219,71.29448765614826
61.09884643554688,61.29515193901063
73.70222473144531,70.02629896685283
54.71989822387695,54.407219006220494
66.59999847412111,62.99117745513918
74.37,61.687247857920326
56.0963134765625,55.27862630844116
67.0,63.98931562169393
64.10045623779297,67.19745165507001
73.0,72.84387392807007
53.50009536743164,54.47083653678894
69.5,68.23328241093952
56.20000076293945,57.963058805592844
69.31113433837889,69.26544364547729
73.70222473144531,71.48105526835123
76.7717056274414,74.95346037902831
71.5,70.71903401056926
55.70000076293945,54.576586279424035
68.10023498535156,67.57021463394165
61.70000076293945,61.38554846687318
57.5,58.41802815399169
71.9000015258789,72.57199266433716
66.30000305175781,66.6722162373861
62.099998474121094,65.14811849975581
67.20006561279297,66.7130637435913
65.90000152587889,66.89291002286275
71.58,67.94235263875309
66.09999847412111,66.31507677688602
60.20000076293945,60.165991532007965
67.80000305175781,66.77287796338399
66.5,65.41572907778425
57.92448043823242,58.704222414652506
69.59999847412111,71.42421944300328
51.72698211669922,53.376794522857665
66.19999694824219,66.27511542320252
66.0,65.79695071207682
56.9000015258789,55.561821922175085
74.69999694824219,73.27213397343948
58.63959121704102,57.21537009874979
73.5999984741211,73.35482079188029
66.10433197021484,66.64659881070456
52.599998474121094,53.905615570449825
73.20025634765625,72.87289344787582
73.4000015258789,72.48587789535523
66.59999847412111,66.38592727343244
59.20000076293945,57.026614083226534
73.0,72.26937843449912
69.59999847412111,68.26721059570313
63.60047149658203,64.85393233299256
73.9000015258789,73.39818500200906
73.80000305175781,72.45553057734169
57.01017761230469,57.1559922050476
66.72254943847656,67.52881509056094
60.0,61.10854774093628
58.9000015258789,59.2503326461792
57.599998474121094,58.00081437911987
64.40000152587889,64.67762622235617
52.9000015258789,52.147232354736325
59.70000076293945,57.88784785118102
56.5,57.757606143188475
56.7272834777832,56.66367952715557
67.19999694824219,65.77147875785828
66.59999847412111,64.77246119499206
64.10459136962889,65.25389961268107
65.80000305175781,66.06881233202618
71.0999984741211,68.06077582880656
72.5999984741211,73.23566139221191
64.90000152587889,65.60791569709778
67.09999847412111,66.49961742401123
72.19999694824219,71.98398899714148
65.59999847412111,64.48874392827352
60.099998474121094,58.90921403363544
55.79999923706055,57.76175724372863
58.099998474121094,58.995074550882975
68.59999847412111,67.32198657709758
60.099998474121094,59.72206253687539
57.599998474121094,56.08578125572205
57.0,57.92257222290043
66.80000305175781,64.99211605148315
54.29999923706055,54.33668767433167
68.19999694824219,69.9354079600016
55.0,50.61757589658101
76.80000305175781,75.37137852630616
72.30000305175781,70.97874378204338
60.54,58.464946370696886
73.30000305175781,72.56756650924683
69.30000305175781,67.36694657007855
72.4000015258789,70.03382410685221
73.80000305175781,73.51715728123982
53.4000015258789,55.593451240158146
66.90000152587889,64.86010701815289
65.19999694824219,64.39359081726074
67.09999847412111,69.01810358314515
62.30448532104492,65.37436769485474
65.6799799601237,65.13169192899069
74.4000015258789,73.7267098045349
68.29902648925781,68.57544745203653
67.19999694824219,69.49836139043173
64.30000305175781,65.23256878217066
53.4000015258789,52.47106791496277
67.09999847412111,66.07666875521342
56.52,58.02896887969957
55.29999923706055,56.89637721379598
66.40000152587889,66.39315121650698
71.9000015258789,71.12429028396606
63.5,65.74307885805766
68.40000152587889,68.4683617591858
72.19999694824219,67.29865617434184
61.92676162719727,64.55965349184672
59.20000076293945,58.363170055135086
50.099998474121094,53.76599727020264
67.19999694824219,66.13604584490457
74.0999984741211,71.40638876317341
73.0999984741211,71.84615644798279
58.92445373535156,59.847477827707934
70.5999984741211,69.0490484937032
67.40000152587889,67.12530732192994
67.80000305175781,67.2667674826304
59.5,59.71918748474121
49.5037727355957,53.05872083129882
69.80000305175781,67.76557305335997
72.30091857910156,72.68008327484131
59.599998474121094,61.15986712099715
67.5,65.53123405710856
66.40000152587889,67.019015305837
64.80894470214844,65.8283298690796
67.0,66.80265179939269
72.0999984741211,71.14484149843852
55.5,54.702675352096556
